A = [1.30454,9.92911,0.112831,9.81628,-0.739429
1.30454,9.92911,0.301794,9.62732,-2.12374
1.30454,9.92911,0.518409,9.4107,-3.57946
1.48014,9.99178,0.733928,9.25785,-4.9311
1.73595,9.97273,0.95104,9.02169,-6.05071
1.73595,9.97273,1.15854,8.81419,-6.97136
2.11122,9.70795,1.35731,8.35063,-7.40926
2.11122,9.70795,1.55146,8.15648,-7.77296
2.13753,9.67882,1.75058,7.92823,-7.87001
2.13753,9.67882,1.92501,7.75381,-7.74543
2.11122,9.70795,2.10596,7.60199,-7.40941
2.13753,9.67882,2.28013,7.39868,-6.81214
2.11122,9.70795,2.45283,7.25512,-6.0463
2.13753,9.67882,2.62445,7.05437,-5.03498
1.7976,9.94856,2.78741,7.16115,-4.21286
2.13753,9.67882,2.94247,6.73635,-2.98637
2.13753,9.67882,3.09909,6.57973,-1.83172
2.13753,9.67882,3.25536,6.42346,-0.672773
2.13753,9.67882,3.4031,6.27572,0.51204
2.24554,9.54472,3.54435,6.00037,1.48127
2.13753,9.67882,3.68391,5.99491,2.47042
2.24554,9.54472,3.81871,5.72601,3.21552
2.23184,9.56302,3.95514,5.60788,3.92531
2.57486,8.99185,4.06846,4.92339,3.99579
2.71497,8.69088,4.17825,4.51263,4.08073
3.14159,7.5326,4.25707,3.27553,3.16533
3.23225,7.23956,4.32493,2.91464,2.90369
3.5221,6.19242,4.36741,1.82501,1.81845
3.56822,6.0103,4.40684,1.60346,1.54636
3.80264,5.01889,4.42092,0.597975,0.539778
3.80264,5.01889,4.43437,0.584521,0.476955
3.80264,5.01889,4.44825,0.570638,0.397115
3.68201,5.54277,4.47261,1.07016,0.59427
3.80264,5.01889,4.48531,0.533584,0.218966
3.80264,5.01889,4.49758,0.521312,0.125834
3.68201,5.54277,4.52162,1.02115,0.0718006
3.68201,5.54277,4.54511,0.997662,-0.106362
3.56822,6.0103,4.57917,1.43113,-0.403587
3.30674,6.98649,4.63635,2.35015,-1.08532
3.23225,7.23956,4.69427,2.5453,-1.51286
2.97644,8.02415,4.77169,3.25247,-2.36815
2.81984,8.43988,4.85697,3.58291,-2.99339
2.60117,8.93832,4.95084,3.98748,-3.67136
2.46685,9.19708,5.04957,4.14752,-4.04245
2.23184,9.56302,5.15564,4.40739,-4.40223
1.99742,9.81799,5.26287,4.55512,-4.51848
1.99742,9.81799,5.36764,4.45035,-4.24865
1.64757,9.99411,5.4752,4.5189,-4.0134
1.89255,9.89648,5.58021,4.31627,-3.41384
1.89255,9.89648,5.68056,4.21592,-2.82755
1.89255,9.89648,5.77647,4.12,-2.1879
1.89255,9.89648,5.87123,4.02524,-1.47473
1.89255,9.89648,5.96583,3.93065,-0.794667
1.64757,9.99411,6.05646,3.93764,-0.118739
1.99742,9.81799,6.14486,3.67313,0.531254
1.99742,9.81799,6.22934,3.58865,1.13038
2.11122,9.70795,6.31196,3.39599,1.6379
2.24554,9.54472,6.38874,3.15599,1.99945
2.57486,8.99185,6.44926,2.54259,1.92299
2.87534,8.29816,6.4904,1.80777,1.55948
2.97644,8.02415,6.52606,1.4981,1.39972
3.36839,6.76865,6.5317,0.236955,0.232814
3.56822,6.0103,6.5197,-0.509406,-0.50937
3.56822,6.0103,6.50786,-0.497563,-0.490153
3.68201,5.54277,6.48542,-0.942654,-0.886725
3.68201,5.54277,6.46398,-0.921209,-0.800478
3.68201,5.54277,6.44164,-0.89887,-0.682772
3.68201,5.54277,6.42164,-0.87887,-0.564033
3.64869,5.68235,6.40426,-0.721911,-0.354916
3.68201,5.54277,6.38423,-0.841467,-0.276564
3.68201,5.54277,6.36551,-0.822744,-0.138397
3.5221,6.19242,6.36157,-0.169156,0.00106283
3.68201,5.54277,6.34254,-0.799769,0.150355
3.56822,6.0103,6.3349,-0.324597,0.115118
3.46334,6.41827,6.33681,0.0814534,-0.0417272
3.30674,6.98649,6.35192,0.634577,-0.415148
3.05093,7.8092,6.3858,1.4234,-1.1131
2.71497,8.69088,6.43882,2.25206,-1.97281
2.60117,8.93832,6.49818,2.44014,-2.32448
2.35619,9.38315,6.56309,2.82006,-2.78885
1.99742,9.81799,6.63877,3.17922,-3.17759
1.89255,9.89648,6.71614,3.18034,-3.11222
1.89255,9.89648,6.79088,3.1056,-2.86545
1.83705,9.92911,6.85913,3.06998,-2.60746
1.89255,9.89648,6.93203,2.96445,-2.19134
1.89255,9.89648,7.00095,2.89552,-1.75883
1.83705,9.92911,7.06757,2.86154,-1.32468
1.73595,9.97273,7.13439,2.83834,-0.834586
1.89255,9.89648,7.19999,2.69649,-0.316097
1.89255,9.89648,7.26133,2.63514,0.132401
1.83705,9.92911,7.32136,2.60775,0.583246
1.89255,9.89648,7.38123,2.51525,0.990216
2.24554,9.54472,7.43315,2.11157,1.16373
2.35619,9.38315,7.47703,1.90612,1.3118
2.71497,8.69088,7.50495,1.18593,0.952383
2.87534,8.29816,7.52339,0.774776,0.693181
3.14159,7.5326,7.5236,0.00899443,0.00864358
3.40784,6.62525,7.50317,-0.877914,-0.872732
3.5221,6.19242,7.47269,-1.28027,-1.27727
3.56822,6.0103,7.43796,-1.42766,-1.38281
3.68201,5.54277,7.39437,-1.8516,-1.67538
3.68201,5.54277,7.35178,-1.80902,-1.49107
3.68201,5.54277,7.31063,-1.76786,-1.26024
3.80264,5.01889,7.25792,-2.23903,-1.29779
3.68201,5.54277,7.21804,-1.67527,-0.712344
3.80264,5.01889,7.16801,-2.14912,-0.572303
3.81633,4.95756,7.11607,-2.1585,-0.19503
3.80264,5.01889,7.06731,-2.04841,0.188928
3.70832,5.43098,7.02885,-1.59787,0.422603
3.40784,6.62525,7.01977,-0.394518,0.16708
3.23225,7.23956,7.02499,0.214572,-0.125685
3.06482,7.76789,7.04208,0.725813,-0.520272
2.81984,8.43988,7.07423,1.36566,-1.12709
2.60117,8.93832,7.1171,1.82122,-1.66081
2.35619,9.38315,7.17092,2.21223,-2.14681
2.13753,9.67882,7.2286,2.45022,-2.44447
2.13753,9.67882,7.28741,2.39141,-2.3763
1.73595,9.97273,7.34648,2.62624,-2.5238
1.89255,9.89648,7.40705,2.48943,-2.22935
1.89255,9.89648,7.46617,2.43031,-1.94072
1.64757,9.99411,7.52368,2.47042,-1.68659
1.64757,9.99411,7.57988,2.41422,-1.32293
1.5708,10,7.62647,2.37353,-0.604706
2.07789,9.74285,7.6852,2.05765,-0.0956372
2.13753,9.67882,7.73056,1.94826,0.250253
2.13753,9.67882,7.77537,1.90345,0.566547
2.35619,9.38315,7.81234,1.57081,0.732409
2.57486,8.99185,7.83977,1.15208,0.708405
2.60117,8.93832,7.86476,1.07356,0.793587
2.97644,8.02415,7.86847,0.155689,0.131922
3.14159,7.5326,7.86066,-0.328058,-0.305474
3.14159,7.5326,7.85303,-0.320431,-0.313567
3.30674,6.98649,7.8331,-0.846604,-0.846309
3.46334,6.41827,7.80056,-1.38229,-1.36776
3.56822,6.0103,7.75849,-1.74819,-1.65606
3.68201,5.54277,7.70753,-2.16476,-1.88641
3.68201,5.54277,7.65774,-2.11497,-1.61855
3.68201,5.54277,7.60909,-2.06632,-1.34887
3.68201,5.54277,7.56208,-2.01932,-1.03446
3.68201,5.54277,7.51564,-1.97287,-0.689237
3.68201,5.54277,7.46977,-1.927,-0.358705
3.68201,5.54277,7.42352,-1.88075,0.00236342
3.68201,5.54277,7.3812,-1.83844,0.302417
3.56822,6.0103,7.3483,-1.338,0.475309
3.56822,6.0103,7.31954,-1.30924,0.654381
3.23225,7.23956,7.31766,-0.0780929,0.0505679
2.87534,8.29816,7.33972,0.958447,-0.735029
2.71497,8.69088,7.37181,1.31907,-1.15109
2.46685,9.19708,7.41379,1.7833,-1.70901
2.35619,9.38315,7.47779,1.90536,-1.90196
2.13753,9.67882,7.52842,2.1504,-2.13872
1.99742,9.81799,7.57993,2.23806,-2.15574
1.89255,9.89648,7.63321,2.26326,-2.03869
1.83705,9.92911,7.68831,2.2408,-1.80286
1.83705,9.92911,7.73985,2.18926,-1.49865
1.83705,9.92911,7.79021,2.1389,-1.16643
1.83705,9.92911,7.83833,2.09078,-0.83878
1.83705,9.92911,7.88903,2.04008,-0.468765
1.83705,9.92911,7.93646,1.99265,-0.108871
1.83705,9.92911,7.98329,1.94582,0.256
1.83705,9.92911,8.02659,1.90252,0.558276
1.99742,9.81799,8.06958,1.74841,0.808408
2.35619,9.38315,8.09815,1.285,0.772186
2.60117,8.93832,8.1181,0.82022,0.601781
2.71497,8.69088,8.13142,0.559457,0.47161
3.14159,7.5326,8.11735,-0.584749,-0.540659
3.21836,7.28552,8.09863,-0.813113,-0.793974
3.33899,6.8735,8.07015,-1.19665,-1.19638
3.56822,6.0103,8.02432,-2.01402,-1.99567
3.68201,5.54277,7.96662,-2.42385,-2.30663
3.80264,5.01889,7.89882,-2.87993,-2.54179
3.80264,5.01889,7.8297,-2.81081,-2.20245
3.68201,5.54277,7.77825,-2.23548,-1.48256
3.68201,5.54277,7.72627,-2.18351,-1.14789
3.68201,5.54277,7.67551,-2.13274,-0.772639
3.68201,5.54277,7.62645,-2.08369,-0.412284
3.68201,5.54277,7.57853,-2.03576,-0.0447651
3.68201,5.54277,7.53069,-1.98792,0.307278
3.70832,5.43098,7.48187,-2.05089,0.672845
3.40784,6.62525,7.46153,-0.836272,0.409308
3.23225,7.23956,7.45653,-0.216968,0.13788
3.14159,7.5326,7.45836,0.0742418,-0.0566353
2.60117,8.93832,7.49203,1.4463,-1.24811
2.60117,8.93832,7.52601,1.41231,-1.32639
2.48055,9.17235,7.56347,1.60888,-1.58315
2.11122,9.70795,7.61333,2.09462,-2.09462
2.11122,9.70795,7.66203,2.04592,-2.01182
2.11122,9.70795,7.70857,1.99937,-1.87775
1.99742,9.81799,7.76025,2.05774,-1.7639
1.89255,9.89648,7.83342,2.06306,-1.4385
1.89255,9.89648,7.88345,2.01303,-1.09885
1.99742,9.81799,7.92311,1.89488,-0.777601
1.89255,9.89648,7.96948,1.927,-0.454556
